10
103
104
106
107
108
11
112
114
115
116
117
118
119
12
120
13
14
147
148
149
15
150
151
152
153
154
155
156
157
158
159
16
160
161
162
163
164
165
166
167
168
169
17
172
173
176
177
178
179
18
180
181
182
183
184
185
186
187
188
189
19
190
191
192
193
194
197
198
199
2
20
200
201
202
203
204
205
217
218
219
222
223
230
284
285
286
287
288
289
290
291
292
293
294
296
298
299
3
300
301
302
304
305
310
311
312
313
32
322
328
329
33
330
331
333
344
35
356
363
365
366
367
368
371
372
373
6
78
79
80
81
82
83
84
85
86
97
99
